"Location";"Source"
"75265348-0-2";"Are you immune to fear?"
"75265348-0-3";"Divines save me!"
"75265348-0-4";"I hate being afraid."
"75265348-0-5";"Are you immune to fear?"
"75265348-0-6";"Divines save me!"
"75265348-0-7";"I hate being afraid."
"75265348-0-8";"Are you immune to fear?"
"75265348-0-9";"Divines save me!"
"75265348-0-10";"I hate being afraid."
"75265348-0-11";"Are you immune to fear?"
"75265348-0-12";"Divines save me!"
"75265348-0-13";"I hate being afraid."
"75265348-0-14";"Well?"
"75265348-0-15";"Well?"
"75265348-0-16";"Well?"
"75265348-0-17";"Well?"
"75265348-0-18";"Well?"
"75265348-0-19";"Well?"
"75265348-0-20";"<sigh> Again?"
"75265348-0-21";"<sigh> Again?"
"75265348-0-22";"<sigh> Again?"
"75265348-0-23";"<sigh> Again?"
"75265348-0-24";"<sigh> Again?"
"75265348-0-25";"<sigh> Again?"
"75265348-0-26";"Hm?"
"75265348-0-27";"Hm?"
"75265348-0-28";"Hm?"
"75265348-0-29";"A familiar face!"
"75265348-0-30";"A familiar face!"
"75265348-0-31";"A familiar face!"
"75265348-0-32";"A familiar face!"
"75265348-0-33";"A familiar face!"
"75265348-0-34";"A familiar face!"
"75265348-0-35";"Can I help you?"
"75265348-0-36";"Can I help you?"
"75265348-0-37";"Can I help you?"
"75265348-0-38";"Hm?"
"75265348-0-39";"Hm?"
"75265348-0-40";"Hm?"
"75265348-0-41";"A familiar face!"
"75265348-0-42";"A familiar face!"
"75265348-0-43";"A familiar face!"
"75265348-0-44";"A familiar face!"
"75265348-0-45";"A familiar face!"
"75265348-0-46";"A familiar face!"
"75265348-0-47";"Can I help you?"
"75265348-0-48";"Can I help you?"
"75265348-0-49";"Can I help you?"
"75265348-0-50";"Charity, I beg of you...charity!"
"75265348-0-51";"I haven't eaten in so long..."
"75265348-0-52";"Bunch of tightwads around here."
"75265348-0-53";"Charity, I beg of you...charity!"
"75265348-0-54";"I haven't eaten in so long..."
"75265348-0-55";"Bunch of tightwads around here."
"75265348-0-56";"Charity, I beg of you...charity!"
"75265348-0-57";"I haven't eaten in so long..."
"75265348-0-58";"Bunch of tightwads around here."
"75265348-0-59";"Charity, I beg of you...charity!"
"75265348-0-60";"I haven't eaten in so long..."
"75265348-0-61";"Bunch of tightwads around here."
"75265348-0-62";"Charity, I beg of you...charity!"
"75265348-0-63";"I haven't eaten in so long..."
"75265348-0-64";"Bunch of tightwads around here."
"75265348-0-65";"Can't you see I'm busy?"
"75265348-0-66";"Can't you see I'm busy?"
"75265348-0-67";"Can't you see I'm busy?"
"75265348-0-68";"Hm?"
"75265348-0-69";"Hm?"
"75265348-0-70";"Hm?"
"75265348-0-71";"<sigh> I need a break."
"75265348-0-72";"<sigh> I need a break."
"75265348-0-73";"<sigh> I need a break."
"75265348-0-74";"Can't you see I'm busy?"
"75265348-0-75";"Can't you see I'm busy?"
"75265348-0-76";"Can't you see I'm busy?"
"75265348-0-77";"Can't you see I'm busy?"
"75265348-0-78";"Can't you see I'm busy?"
"75265348-0-79";"Can't you see I'm busy?"
"75265348-0-80";"Are you going to free me?"
"75265348-0-81";"Are you going to free me?"
"75265348-0-82";"Are you going to free me?"
"75265348-0-83";"Are you going to free me?"
"75265348-0-84";"Are you going to free me?"
"75265348-0-85";"Are you going to free me?"
"75265348-0-86";"A familiar face."
"75265348-0-87";"A familiar face."
"75265348-0-88";"A familiar face."
"75265348-0-89";"A familiar face."
"75265348-0-90";"A familiar face."
"75265348-0-91";"A familiar face."
"75265348-0-92";"Help me!"
"75265348-0-93";"Help me!"
"75265348-0-94";"Help me!"
"75265348-0-95";"Fire!"
"75265348-0-96";"Fire!"
"75265348-0-97";"Fire!"
"75265348-0-98";"At the ready!"
"75265348-0-99";"At the ready!"
"75265348-0-100";"At the ready!"
"75265348-0-101";"It was...that other man!"
"75265348-0-102";"It was...the other guy!"
"75265348-0-103";"It was...the other guy!"
"75265348-0-104";"It was...that other man!"
"75265348-0-105";"It was...the other guy!"
"75265348-0-106";"It was...the other guy!"
"75265348-0-107";"It was...that other man!"
"75265348-0-108";"It was...the other guy!"
"75265348-0-109";"It was...the other guy!"
"75265348-0-110";"It was...that other man!"
"75265348-0-111";"It was...the other guy!"
"75265348-0-112";"It was...the other guy!"
"75265348-0-113";"It was...that other man!"
"75265348-0-114";"It was...the other guy!"
"75265348-0-115";"It was...the other guy!"
"75265348-0-116";"Greetings."
"75265348-0-117";"Greetings."
"75265348-0-118";"Greetings."
"75265348-0-119";"Hm?"
"75265348-0-120";"Hm?"
"75265348-0-121";"Hm?"
"75265348-0-122";"A familiar face!"
"75265348-0-123";"A familiar face!"
"75265348-0-124";"A familiar face!"
"75265348-0-125";"A familiar face!"
"75265348-0-126";"A familiar face!"
"75265348-0-127";"A familiar face!"
"75265348-0-128";"Come! Imbibe! Put your cares aside!"
"75265348-0-129";"Let's drink...to the ladies!"
"75265348-0-130";"The ale is thin, but at least there's plenty."
"75265348-0-131";"Come! Imbibe! Put your cares aside!"
"75265348-0-132";"Let's drink...to the ladies!"
"75265348-0-133";"The ale is thin, but at least there's plenty."
"75265348-0-134";"Come! Imbibe! Put your cares aside!"
"75265348-0-135";"Let's drink...to the ladies!"
"75265348-0-136";"The ale is thin, but at least there's plenty."
"75265348-0-137";"Hey! A toast to your return!"
"75265348-0-138";"I drank yours while you were gone. Sorry."
"75265348-0-139";"Hey! Get a drink, you're behind."
"75265348-0-140";"Hey! A toast to your return!"
"75265348-0-141";"I drank yours while you were gone. Sorry."
"75265348-0-142";"Hey! Get a drink, you're behind."
"75265348-0-143";"Come on now!"
"75265348-0-144";"Come at me!"
"75265348-0-145";"Am I supposed to be scared?"
"75265348-0-146";"Hm?"
"75265348-0-147";"Hm?"
"75265348-0-148";"Hm?"
"75265348-0-149";"Greetings."
"75265348-0-150";"Greetings."
"75265348-0-151";"Greetings."
"75265348-0-152";"A familiar face."
"75265348-0-153";"A familiar face."
"75265348-0-154";"A familiar face."
"75265348-0-155";"A familiar face."
"75265348-0-156";"A familiar face."
"75265348-0-157";"A familiar face."
"75265348-0-158";"<Groan>"
"75265348-0-159";"<Groan>"
"75265348-0-160";"<Groan>"
"75265348-0-161";"<Groan>"
"75265348-0-162";"<Groan>"
"75265348-0-163";"<Groan>"
"75265348-0-164";"<Groan>"
"75265348-0-165";"<Groan>"
"75265348-0-166";"<Groan>"
"75265348-0-167";"<Groan>"
"75265348-0-168";"<Groan>"
"75265348-0-169";"<Groan>"
"75265348-0-170";"<Groan>"
"75265348-0-171";"<Groan>"
"75265348-0-172";"<Groan>"
"75265348-0-173";"Hm?"
"75265348-0-174";"Hm?"
"75265348-0-175";"Hm?"
"75265348-0-176";"Anyone can be crowned Emperor. That's one of the risks we take."
"75265348-0-177";"War doesn't build character. It reveals it."
"75265348-0-178";"It's an honor to serve the Ebonheart Pact, as long as their gold is good."
"75265348-0-179";"A familiar face."
"75265348-0-180";"A familiar face."
"75265348-0-181";"A familiar face."
"75265348-0-182";"A familiar face."
"75265348-0-183";"A familiar face."
"75265348-0-184";"A familiar face."
"75265348-0-185";"Help me!"
"75265348-0-186";"Help me!"
"75265348-0-187";"Help me!"
"75265348-0-188";"Help me!"
"75265348-0-189";"Help me!"
"75265348-0-190";"Help me!"
"75265348-0-191";"Help me!"
"75265348-0-192";"Help me!"
"75265348-0-193";"Help me!"
"75265348-0-194";"Help me!"
"75265348-0-195";"Help me!"
"75265348-0-196";"Help me!"
"75265348-0-197";"Help me!"
"75265348-0-198";"Help me!"
"75265348-0-199";"Help me!"
"75265348-0-200";"Ancestors, welcome me!"
"75265348-0-201";"How did it come to this?"
"75265348-0-202";"Get me a bucket!"
"75265348-0-203";"It's good you're back. I'm...declining."
"75265348-0-204";"You're back! Thank Stendarr!"
"75265348-0-205";"Thank Mara! You're back!"
"75265348-0-206";"It's good you're back. I'm...declining."
"75265348-0-207";"You're back! Thank Stendarr!"
"75265348-0-208";"Thank Mara! You're back!"
"75265348-0-209";"Help me!"
"75265348-0-210";"Help me!"
"75265348-0-211";"Help me!"
"75265348-0-212";"Help me!"
"75265348-0-213";"Help me!"
"75265348-0-214";"Help me!"
"75265348-0-218";"Get moving!"
"75265348-0-219";"Get moving!"
"75265348-0-220";"Get moving!"
"75265348-0-221";"No."
"75265348-0-222";"No."
"75265348-0-223";"No."
"75265348-0-227";"Greetings."
"75265348-0-228";"Greetings."
"75265348-0-229";"Greetings."
"75265348-0-230";"Hm?"
"75265348-0-231";"Hm?"
"75265348-0-232";"Hm?"
"75265348-0-233";"A familiar face!"
"75265348-0-234";"A familiar face!"
"75265348-0-235";"A familiar face!"
"75265348-0-236";"A familiar face!"
"75265348-0-237";"A familiar face!"
"75265348-0-238";"A familiar face!"
"75265348-0-242";"Well?"
"75265348-0-243";"Well?"
"75265348-0-244";"Well?"
"75265348-0-245";"Well?"
"75265348-0-246";"Well?"
"75265348-0-247";"Well?"
"75265348-0-248";"<sigh> Again?"
"75265348-0-249";"<sigh> Again?"
"75265348-0-250";"<sigh> Again?"
"75265348-0-251";"<sigh> Again?"
"75265348-0-252";"<sigh> Again?"
"75265348-0-253";"<sigh> Again?"
"75265348-0-254";"A thousand lamentations!"
"75265348-0-255";"Alas...poor me!"
"75265348-0-256";"Death begins to look good."
"75265348-0-257";"A thousand lamentations!"
"75265348-0-258";"Alas...poor me!"
"75265348-0-259";"Death begins to look good."
"75265348-0-260";"A thousand lamentations!"
"75265348-0-261";"Alas...poor me!"
"75265348-0-262";"Death begins to look good."
"75265348-0-263";"A thousand lamentations!"
"75265348-0-264";"Alas...poor me!"
"75265348-0-265";"Death begins to look good."
"75265348-0-266";"A thousand lamentations!"
"75265348-0-267";"Alas...poor me!"
"75265348-0-268";"Death begins to look good."
"75265348-0-269";"Hm?"
"75265348-0-270";"Hm?"
"75265348-0-271";"Hm?"
"75265348-0-272";"A familiar face!"
"75265348-0-273";"A familiar face!"
"75265348-0-274";"A familiar face!"
"75265348-0-275";"A familiar face!"
"75265348-0-276";"A familiar face!"
"75265348-0-277";"A familiar face!"
"75265348-0-278";"Can I help you?"
"75265348-0-279";"Can I help you?"
"75265348-0-280";"Can I help you?"
"75265348-0-281";"Ancestors, welcome me!"
"75265348-0-282";"How did it come to this?"
"75265348-0-283";"Get me a bucket!"
"75265348-0-284";"Ancestors, welcome me!"
"75265348-0-285";"How did it come to this?"
"75265348-0-286";"Get me a bucket!"
"75265348-0-287";"Ancestors, welcome me!"
"75265348-0-288";"How did it come to this?"
"75265348-0-289";"Get me a bucket!"
"75265348-0-290";"It's good you're back. I'm...declining."
"75265348-0-291";"You're back! Thank Stendarr!"
"75265348-0-292";"Thank Mara! You're back!"
"75265348-0-293";"It's good you're back. I'm...declining."
"75265348-0-294";"You're back! Thank Stendarr!"
"75265348-0-295";"Thank Mara! You're back!"
"75265348-0-296";"<Nightmare mumble>"
"75265348-0-297";"<Nightmare mumble>"
"75265348-0-298";"<Nightmare mumble>"
"75265348-0-299";"<Nightmare mumble>"
"75265348-0-300";"<Nightmare mumble>"
"75265348-0-301";"<Nightmare mumble>"
"75265348-0-302";"<Nightmare mumble>"
"75265348-0-303";"<Nightmare mumble>"
"75265348-0-304";"<Nightmare mumble>"
"75265348-0-305";"<Nightmare mumble>"
"75265348-0-306";"<Nightmare mumble>"
"75265348-0-307";"<Nightmare mumble>"
"75265348-0-308";"<Nightmare mumble>"
"75265348-0-309";"<Nightmare mumble>"
"75265348-0-310";"<Nightmare mumble>"
"75265348-0-311";"<Snore>"
"75265348-0-312";"<Snore>"
"75265348-0-313";"<Snore>"
"75265348-0-314";"<Snore>"
"75265348-0-315";"<Snore>"
"75265348-0-316";"<Snore>"
"75265348-0-317";"<Snore>"
"75265348-0-318";"<Snore>"
"75265348-0-319";"<Snore>"
"75265348-0-320";"<Snore>"
"75265348-0-321";"<Snore>"
"75265348-0-322";"<Snore>"
"75265348-0-323";"<Snore>"
"75265348-0-324";"<Snore>"
"75265348-0-325";"<Snore>"
"75265348-0-326";"Hm?"
"75265348-0-327";"Hm?"
"75265348-0-328";"Hm?"
"75265348-0-329";"Greetings."
"75265348-0-330";"Greetings."
"75265348-0-331";"Greetings."
"75265348-0-332";"A familiar face."
"75265348-0-333";"A familiar face."
"75265348-0-334";"A familiar face."
"75265348-0-335";"A familiar face."
"75265348-0-336";"A familiar face."
"75265348-0-337";"A familiar face."
"75265348-0-338";"Thank you."
"75265348-0-339";"Thank you."
"75265348-0-340";"Thank you."
"75265348-0-341";"Ah, free at last!"
"75265348-0-342";"Ah, free at last!"
"75265348-0-343";"Ah, free at last!"
"75265348-0-344";"Hm?"
"75265348-0-345";"Hm?"
"75265348-0-346";"Hm?"
"75265348-0-347";"A familiar face!"
"75265348-0-348";"A familiar face!"
"75265348-0-349";"A familiar face!"
"75265348-0-350";"A familiar face!"
"75265348-0-351";"A familiar face!"
"75265348-0-352";"A familiar face!"
"75265348-0-353";"Can I help you?"
"75265348-0-354";"Can I help you?"
"75265348-0-355";"Can I help you?"
"75265348-0-368";"Can I help you?"
"75265348-0-369";"Can I help you?"
"75265348-0-370";"Can I help you?"
"75265348-0-371";"Can I help you?"
"75265348-0-372";"Can I help you?"
"75265348-0-373";"Can I help you?"
"75265348-0-374";"Can I help you?"
"75265348-0-375";"Can I help you?"
"75265348-0-376";"Can I help you?"
"75265348-0-377";"Can I help you?"
"75265348-0-378";"Can I help you?"
"75265348-0-379";"Can I help you?"
"75265348-0-380";"I sell to the nobility!"
"75265348-0-381";"Buy local! Get your goods here!"
"75265348-0-382";"Good stuff here!"
"75265348-0-389";"Yes."
"75265348-0-390";"Yes."
"75265348-0-391";"Yes."
"75265348-0-392";"Maintain proper order."
"75265348-0-393";"We'll have no disturbances here."
"75265348-0-394";"No fighting or spitting, got it?"
"75265348-0-395";"Well?"
"75265348-0-396";"Well?"
"75265348-0-397";"Well?"
"75265348-0-398";"<sigh> Again?"
"75265348-0-399";"<sigh> Again?"
"75265348-0-400";"<sigh> Again?"
"75265348-0-401";"<sigh> Again?"
"75265348-0-402";"<sigh> Again?"
"75265348-0-403";"<sigh> Again?"
"75265348-0-407";"Aldmeri Dominion!"
"75265348-0-408";"For Daggerfall!"
"75265348-0-409";"Blood for the Pact!"
"75265348-0-410";"Hm?"
"75265348-0-411";"Hm?"
"75265348-0-412";"Hm?"
"75265348-0-413";"A familiar face."
"75265348-0-414";"A familiar face."
"75265348-0-415";"A familiar face."
"75265348-0-416";"A familiar face."
"75265348-0-417";"A familiar face."
"75265348-0-418";"A familiar face."
"75265348-0-422";"Well?"
"75265348-0-423";"Well?"
"75265348-0-424";"Well?"
"75265348-0-425";"Well?"
"75265348-0-426";"Well?"
"75265348-0-427";"Well?"
"75265348-0-428";"<sigh> Again?"
"75265348-0-429";"<sigh> Again?"
"75265348-0-430";"<sigh> Again?"
"75265348-0-431";"<sigh> Again?"
"75265348-0-432";"<sigh> Again?"
"75265348-0-433";"<sigh> Again?"
"75265348-0-434";"My bowstring snapped. Bad luck."
"75265348-0-435";"Bowstring broke. That's bad luck, that is."
"75265348-0-436";"My axe handle broke. It's bad luck, I tell you!"
"75265348-0-437";"Well?"
"75265348-0-438";"Well?"
"75265348-0-439";"Well?"
"75265348-0-440";"Well?"
"75265348-0-441";"Well?"
"75265348-0-442";"Well?"
"75265348-0-443";"<sigh> Again?"
"75265348-0-444";"<sigh> Again?"
"75265348-0-445";"<sigh> Again?"
"75265348-0-446";"<sigh> Again?"
"75265348-0-447";"<sigh> Again?"
"75265348-0-448";"<sigh> Again?"
"75265348-0-449";"My bowstring snapped. Bad luck."
"75265348-0-450";"Bowstring broke. That's bad luck, that is."
"75265348-0-451";"My axe handle broke. It's bad luck, I tell you!"
"75265348-0-452";"Well?"
"75265348-0-453";"Well?"
"75265348-0-454";"Well?"
"75265348-0-455";"Well?"
"75265348-0-456";"Well?"
"75265348-0-457";"Well?"
"75265348-0-458";"<sigh> Again?"
"75265348-0-459";"<sigh> Again?"
"75265348-0-460";"<sigh> Again?"
"75265348-0-461";"<sigh> Again?"
"75265348-0-462";"<sigh> Again?"
"75265348-0-463";"<sigh> Again?"
"75265348-0-464";"My bowstring snapped. Bad luck."
"75265348-0-465";"Bowstring broke. That's bad luck, that is."
"75265348-0-466";"My axe handle broke. It's bad luck, I tell you!"
"75265348-0-467";"Well?"
"75265348-0-468";"Well?"
"75265348-0-469";"Well?"
"75265348-0-470";"Well?"
"75265348-0-471";"Well?"
"75265348-0-472";"Well?"
"75265348-0-473";"<sigh> Again?"
"75265348-0-474";"<sigh> Again?"
"75265348-0-475";"<sigh> Again?"
"75265348-0-476";"<sigh> Again?"
"75265348-0-477";"<sigh> Again?"
"75265348-0-478";"<sigh> Again?"
"75265348-0-479";"My bowstring snapped. Bad luck."
"75265348-0-480";"Bowstring broke. That's bad luck, that is."
"75265348-0-481";"My axe handle broke. It's bad luck, I tell you!"
"75265348-0-572";"Are you still with me?"
"75265348-0-573";"Come on, let's go!"
"75265348-0-574";"Am I too quick for you?"
"75265348-0-575";"A moment...I'm hurt..."
"75265348-0-576";"Don't count me out just yet."
"75265348-0-577";"Fight...on..."
"75265348-0-578";"Alright...I'm with you now!"
"75265348-0-579";"I'm alright...I'm up."
"75265348-0-580";"I told you I'd make it."
"75265348-0-581";"Health and long life."
"75265348-0-582";"The Gods keep you."
"75265348-0-583";"I owe you."
"75265348-0-584";"Damn you!"
"75265348-0-585";"Damn you!"
"75265348-0-586";"Damn you!"
"75265348-0-590";"Fortune favor you."
"75265348-0-591";"The Eight be with you."
"75265348-0-592";"Honor and glory."
"75265348-0-593";"Fortune does not favor you today."
"75265348-0-594";"Care to make a donation? I insist."
"75265348-0-595";"Cough it up. The lot of it."
"75265348-0-599";"<Scream>"
"75265348-0-600";"<Scream>"
"75265348-0-601";"<Scream>"
"75265348-1-2";"Hurry now..."
"75265348-1-3";"Hurry now..."
"75265348-1-4";"Hurry now..."
"75265348-1-5";"Hurry now..."
"75265348-1-6";"Hurry now..."
"75265348-1-7";"Hurry now..."
"75265348-1-8";"Hurry now..."
"75265348-1-9";"Hurry now..."
"75265348-1-10";"Hurry now..."
"75265348-1-11";"Hurry now..."
"75265348-1-12";"Hurry now..."
"75265348-1-13";"Hurry now..."
"75265348-1-14";"What do you want?"
"75265348-1-15";"What do you want?"
"75265348-1-16";"What do you want?"
"75265348-1-17";"What do you want?"
"75265348-1-18";"What do you want?"
"75265348-1-19";"What do you want?"
"75265348-1-20";"What do you want now?"
"75265348-1-21";"What do you want now?"
"75265348-1-22";"What do you want now?"
"75265348-1-23";"What do you want now?"
"75265348-1-24";"What do you want now?"
"75265348-1-25";"What do you want now?"
"75265348-1-26";"Yes?"
"75265348-1-27";"Yes?"
"75265348-1-28";"Yes?"
"75265348-1-29";"Good to see you!"
"75265348-1-30";"Good to see you!"
"75265348-1-31";"Good to see you!"
"75265348-1-32";"Good to see you!"
"75265348-1-33";"Good to see you!"
"75265348-1-34";"Good to see you!"
"75265348-1-35";"Anything I can do for you?"
"75265348-1-36";"At your service!"
"75265348-1-37";"Do you need something?"
"75265348-1-38";"Yes?"
"75265348-1-39";"Yes?"
"75265348-1-40";"Yes?"
"75265348-1-41";"Good to see you!"
"75265348-1-42";"Good to see you!"
"75265348-1-43";"Good to see you!"
"75265348-1-44";"Good to see you!"
"75265348-1-45";"Good to see you!"
"75265348-1-46";"Good to see you!"
"75265348-1-47";"Anything I can do for you?"
"75265348-1-48";"At your service!"
"75265348-1-49";"Do you need something?"
"75265348-1-50";"Have mercy..."
"75265348-1-51";"Have mercy..."
"75265348-1-52";"Have mercy..."
"75265348-1-53";"Have mercy..."
"75265348-1-54";"Have mercy..."
"75265348-1-55";"Have mercy..."
"75265348-1-56";"Have mercy..."
"75265348-1-57";"Have mercy..."
"75265348-1-58";"Have mercy..."
"75265348-1-59";"Have mercy..."
"75265348-1-60";"Have mercy..."
"75265348-1-61";"Have mercy..."
"75265348-1-62";"Have mercy..."
"75265348-1-63";"Have mercy..."
"75265348-1-64";"Have mercy..."
"75265348-1-65";"I'm rather busy right now."
"75265348-1-66";"I'm rather busy right now."
"75265348-1-67";"I'm rather busy right now."
"75265348-1-68";"Yes?"
"75265348-1-69";"Yes?"
"75265348-1-70";"Yes?"
"75265348-1-71";"So much to do."
"75265348-1-72";"So much to do."
"75265348-1-73";"So much to do."
"75265348-1-74";"I'm rather busy right now."
"75265348-1-75";"I'm rather busy right now."
"75265348-1-76";"I'm rather busy right now."
"75265348-1-77";"I'm rather busy right now."
"75265348-1-78";"I'm rather busy right now."
"75265348-1-79";"I'm rather busy right now."
"75265348-1-80";"I've got to get out of here!"
"75265348-1-81";"I've got to get out of here!"
"75265348-1-82";"I've got to get out of here!"
"75265348-1-83";"I've got to get out of here!"
"75265348-1-84";"I've got to get out of here!"
"75265348-1-85";"I've got to get out of here!"
"75265348-1-86";"Good to see you."
"75265348-1-87";"Good to see you."
"75265348-1-88";"Good to see you."
"75265348-1-89";"Good to see you."
"75265348-1-90";"Good to see you."
"75265348-1-91";"Good to see you."
"75265348-1-92";"Help!"
"75265348-1-93";"Help!"
"75265348-1-94";"Help!"
"75265348-1-95";"Let them have it!"
"75265348-1-96";"Let them have it!"
"75265348-1-97";"Let them have it!"
"75265348-1-98";"On my mark!"
"75265348-1-99";"On my mark!"
"75265348-1-100";"On my mark!"
"75265348-1-101";"Hear me out...please!"
"75265348-1-102";"I didn't do it, I tell you!"
"75265348-1-103";"I shouldn't be here!"
"75265348-1-104";"Hear me out...please!"
"75265348-1-105";"I didn't do it, I tell you!"
"75265348-1-106";"I shouldn't be here!"
"75265348-1-107";"Hear me out...please!"
"75265348-1-108";"I didn't do it, I tell you!"
"75265348-1-109";"I shouldn't be here!"
"75265348-1-110";"Hear me out...please!"
"75265348-1-111";"I didn't do it, I tell you!"
"75265348-1-112";"I shouldn't be here!"
"75265348-1-113";"Hear me out...please!"
"75265348-1-114";"I didn't do it, I tell you!"
"75265348-1-115";"I shouldn't be here!"
"75265348-1-116";"Hail."
"75265348-1-117";"Hail."
"75265348-1-118";"Hail."
"75265348-1-119";"Yes?"
"75265348-1-120";"Yes?"
"75265348-1-121";"Yes?"
"75265348-1-122";"Good to see you!"
"75265348-1-123";"Good to see you!"
"75265348-1-124";"Good to see you!"
"75265348-1-125";"Good to see you!"
"75265348-1-126";"Good to see you!"
"75265348-1-127";"Good to see you!"
"75265348-1-128";"Get yourself a drink...and one for me!"
"75265348-1-129";"Hold still! Stop weaving!"
"75265348-1-130";"Hey! Grab a drink!"
"75265348-1-131";"Get yourself a drink...and one for me!"
"75265348-1-132";"Hold still! Stop weaving!"
"75265348-1-133";"Hey! Grab a drink!"
"75265348-1-134";"Get yourself a drink...and one for me!"
"75265348-1-135";"Hold still! Stop weaving!"
"75265348-1-136";"Hey! Grab a drink!"
"75265348-1-137";"I know you!"
"75265348-1-138";"I know you!"
"75265348-1-139";"I know you! Sure! You're...um..."
"75265348-1-140";"I know you!"
"75265348-1-141";"I know you!"
"75265348-1-142";"I know you! Sure! You're...um..."
"75265348-1-143";"Ready yourself!"
"75265348-1-144";"Let's see what you've got!"
"75265348-1-145";"Say your prayers."
"75265348-1-146";"Yes?"
"75265348-1-147";"Yes?"
"75265348-1-148";"Yes?"
"75265348-1-149";"Hail."
"75265348-1-150";"Hail."
"75265348-1-151";"Hail."
"75265348-1-152";"Good to see you."
"75265348-1-153";"Good to see you."
"75265348-1-154";"Good to see you."
"75265348-1-155";"Good to see you."
"75265348-1-156";"Good to see you."
"75265348-1-157";"Good to see you."
"75265348-1-158";"<Groan>"
"75265348-1-159";"<Groan>"
"75265348-1-160";"<Groan>"
"75265348-1-161";"<Groan>"
"75265348-1-162";"<Groan>"
"75265348-1-163";"<Groan>"
"75265348-1-164";"<Groan>"
"75265348-1-165";"<Groan>"
"75265348-1-166";"<Groan>"
"75265348-1-167";"<Groan>"
"75265348-1-168";"<Groan>"
"75265348-1-169";"<Groan>"
"75265348-1-170";"<Groan>"
"75265348-1-171";"<Groan>"
"75265348-1-172";"<Groan>"
"75265348-1-173";"Yes?"
"75265348-1-174";"Yes?"
"75265348-1-175";"Yes?"
"75265348-1-176";"Diplomacy is the art of lying for your alliance."
"75265348-1-177";"I think of trouble as an opportunity to practice my swordplay."
"75265348-1-178";"Anywhere south of Falkreath is too warm for my blood."
"75265348-1-179";"Good to see you."
"75265348-1-180";"Good to see you."
"75265348-1-181";"Good to see you."
"75265348-1-182";"Good to see you."
"75265348-1-183";"Good to see you."
"75265348-1-184";"Good to see you."
"75265348-1-185";"Are you here to help?"
"75265348-1-186";"Are you here to help?"
"75265348-1-187";"Can you help me?"
"75265348-1-188";"Are you here to help?"
"75265348-1-189";"Are you here to help?"
"75265348-1-190";"Can you help me?"
"75265348-1-191";"Are you here to help?"
"75265348-1-192";"Are you here to help?"
"75265348-1-193";"Can you help me?"
"75265348-1-194";"Are you here to help?"
"75265348-1-195";"Are you here to help?"
"75265348-1-196";"Can you help me?"
"75265348-1-197";"Help!"
"75265348-1-198";"Help!"
"75265348-1-199";"Help!"
"75265348-1-200";"Death would be a relief..."
"75265348-1-201";"Death would be a relief..."
"75265348-1-202";"Death would be a relief..."
"75265348-1-203";"I'm...making do."
"75265348-1-204";"I'm...making do."
"75265348-1-205";"I'm...pretty bad off."
"75265348-1-206";"I'm...making do."
"75265348-1-207";"I'm...making do."
"75265348-1-208";"I'm...pretty bad off."
"75265348-1-209";"Fate has struck me down."
"75265348-1-210";"I need somebody to patch me up..."
"75265348-1-211";"It's not as bad as it looks...is it?"
"75265348-1-212";"Fate has struck me down."
"75265348-1-213";"I need somebody to patch me up..."
"75265348-1-214";"It's not as bad as it looks...is it?"
"75265348-1-218";"Move it!"
"75265348-1-219";"Move it!"
"75265348-1-220";"Move it!"
"75265348-1-221";"Certainly not."
"75265348-1-222";"Certainly not."
"75265348-1-223";"Certainly not."
"75265348-1-227";"Hail."
"75265348-1-228";"Hail."
"75265348-1-229";"Hail."
"75265348-1-230";"Yes?"
"75265348-1-231";"Yes?"
"75265348-1-232";"Yes?"
"75265348-1-233";"Good to see you!"
"75265348-1-234";"Good to see you!"
"75265348-1-235";"Good to see you!"
"75265348-1-236";"Good to see you!"
"75265348-1-237";"Good to see you!"
"75265348-1-238";"Good to see you!"
"75265348-1-242";"What do you want?"
"75265348-1-243";"What do you want?"
"75265348-1-244";"What do you want?"
"75265348-1-245";"What do you want?"
"75265348-1-246";"What do you want?"
"75265348-1-247";"What do you want?"
"75265348-1-248";"What do you want now?"
"75265348-1-249";"What do you want now?"
"75265348-1-250";"What do you want now?"
"75265348-1-251";"What do you want now?"
"75265348-1-252";"What do you want now?"
"75265348-1-253";"What do you want now?"
"75265348-1-254";"My woes seem infinite."
"75265348-1-255";"Woe and ruin."
"75265348-1-256";"Shor's bones! Why me?"
"75265348-1-257";"My woes seem infinite."
"75265348-1-258";"Woe and ruin."
"75265348-1-259";"Shor's bones! Why me?"
"75265348-1-260";"My woes seem infinite."
"75265348-1-261";"Woe and ruin."
"75265348-1-262";"Shor's bones! Why me?"
"75265348-1-263";"My woes seem infinite."
"75265348-1-264";"Woe and ruin."
"75265348-1-265";"Shor's bones! Why me?"
"75265348-1-266";"My woes seem infinite."
"75265348-1-267";"Woe and ruin."
"75265348-1-268";"Shor's bones! Why me?"
"75265348-1-269";"Yes?"
"75265348-1-270";"Yes?"
"75265348-1-271";"Yes?"
"75265348-1-272";"Good to see you!"
"75265348-1-273";"Good to see you!"
"75265348-1-274";"Good to see you!"
"75265348-1-275";"Good to see you!"
"75265348-1-276";"Good to see you!"
"75265348-1-277";"Good to see you!"
"75265348-1-278";"Anything I can do for you?"
"75265348-1-279";"At your service!"
"75265348-1-280";"Do you need something?"
"75265348-1-281";"Death would be a relief..."
"75265348-1-282";"Death would be a relief..."
"75265348-1-283";"Death would be a relief..."
"75265348-1-284";"Death would be a relief..."
"75265348-1-285";"Death would be a relief..."
"75265348-1-286";"Death would be a relief..."
"75265348-1-287";"Death would be a relief..."
"75265348-1-288";"Death would be a relief..."
"75265348-1-289";"Death would be a relief..."
"75265348-1-290";"I'm...making do."
"75265348-1-291";"I'm...making do."
"75265348-1-292";"I'm...pretty bad off."
"75265348-1-293";"I'm...making do."
"75265348-1-294";"I'm...making do."
"75265348-1-295";"I'm...pretty bad off."
"75265348-1-296";"<Nightmare mumble>"
"75265348-1-297";"<Nightmare mumble>"
"75265348-1-298";"<Nightmare mumble>"
"75265348-1-299";"<Nightmare mumble>"
"75265348-1-300";"<Nightmare mumble>"
"75265348-1-301";"<Nightmare mumble>"
"75265348-1-302";"<Nightmare mumble>"
"75265348-1-303";"<Nightmare mumble>"
"75265348-1-304";"<Nightmare mumble>"
"75265348-1-305";"<Nightmare mumble>"
"75265348-1-306";"<Nightmare mumble>"
"75265348-1-307";"<Nightmare mumble>"
"75265348-1-308";"<Nightmare mumble>"
"75265348-1-309";"<Nightmare mumble>"
"75265348-1-310";"<Nightmare mumble>"
"75265348-1-311";"<Snore>"
"75265348-1-312";"<Snore>"
"75265348-1-313";"<Snore>"
"75265348-1-314";"<Snore>"
"75265348-1-315";"<Snore>"
"75265348-1-316";"<Snore>"
"75265348-1-317";"<Snore>"
"75265348-1-318";"<Snore>"
"75265348-1-319";"<Snore>"
"75265348-1-320";"<Snore>"
"75265348-1-321";"<Snore>"
"75265348-1-322";"<Snore>"
"75265348-1-323";"<Snore>"
"75265348-1-324";"<Snore>"
"75265348-1-325";"<Snore>"
"75265348-1-326";"Yes?"
"75265348-1-327";"Yes?"
"75265348-1-328";"Yes?"
"75265348-1-329";"Hail."
"75265348-1-330";"Hail."
"75265348-1-331";"Hail."
"75265348-1-332";"Good to see you."
"75265348-1-333";"Good to see you."
"75265348-1-334";"Good to see you."
"75265348-1-335";"Good to see you."
"75265348-1-336";"Good to see you."
"75265348-1-337";"Good to see you."
"75265348-1-338";"Accept my gratitude."
"75265348-1-339";"I appreciate it."
"75265348-1-340";"I'm in your debt."
"75265348-1-341";"I thought I'd never escape."
"75265348-1-342";"I thought I'd never escape."
"75265348-1-343";"I thought I'd never escape."
"75265348-1-344";"Yes?"
"75265348-1-345";"Yes?"
"75265348-1-346";"Yes?"
"75265348-1-347";"Good to see you!"
"75265348-1-348";"Good to see you!"
"75265348-1-349";"Good to see you!"
"75265348-1-350";"Good to see you!"
"75265348-1-351";"Good to see you!"
"75265348-1-352";"Good to see you!"
"75265348-1-353";"Anything I can do for you?"
"75265348-1-354";"At your service!"
"75265348-1-355";"Do you need something?"
"75265348-1-368";"Anything I can do for you?"
"75265348-1-369";"At your service!"
"75265348-1-370";"Do you need something?"
"75265348-1-371";"Anything I can do for you?"
"75265348-1-372";"At your service!"
"75265348-1-373";"Do you need something?"
"75265348-1-374";"Anything I can do for you?"
"75265348-1-375";"At your service!"
"75265348-1-376";"Do you need something?"
"75265348-1-377";"Anything I can do for you?"
"75265348-1-378";"At your service!"
"75265348-1-379";"Do you need something?"
"75265348-1-380";"Fine goods at fair prices!"
"75265348-1-381";"Fine goods at fair prices!"
"75265348-1-382";"Fine goods at fair prices!"
"75265348-1-389";"Absolutely."
"75265348-1-390";"Absolutely."
"75265348-1-391";"Absolutely."
"75265348-1-392";"Stay out of trouble."
"75265348-1-393";"Stay out of trouble."
"75265348-1-394";"Keep moving."
"75265348-1-395";"What do you want?"
"75265348-1-396";"What do you want?"
"75265348-1-397";"What do you want?"
"75265348-1-398";"What do you want now?"
"75265348-1-399";"What do you want now?"
"75265348-1-400";"What do you want now?"
"75265348-1-401";"What do you want now?"
"75265348-1-402";"What do you want now?"
"75265348-1-403";"What do you want now?"
"75265348-1-407";"Aldmeri grandeur!"
"75265348-1-408";"For the Covenant!"
"75265348-1-409";"Ebonheart honor!"
"75265348-1-410";"Yes?"
"75265348-1-411";"Yes?"
"75265348-1-412";"Yes?"
"75265348-1-413";"Good to see you."
"75265348-1-414";"Good to see you."
"75265348-1-415";"Good to see you."
"75265348-1-416";"Good to see you."
"75265348-1-417";"Good to see you."
"75265348-1-418";"Good to see you."
"75265348-1-422";"What do you want?"
"75265348-1-423";"What do you want?"
"75265348-1-424";"What do you want?"
"75265348-1-425";"What do you want?"
"75265348-1-426";"What do you want?"
"75265348-1-427";"What do you want?"
"75265348-1-428";"What do you want now?"
"75265348-1-429";"What do you want now?"
"75265348-1-430";"What do you want now?"
"75265348-1-431";"What do you want now?"
"75265348-1-432";"What do you want now?"
"75265348-1-433";"What do you want now?"
"75265348-1-434";"Isn't the best defense always a good attack?"
"75265348-1-435";"I cannot complain, but that does not seem to stop me."
"75265348-1-436";"Nine times out of ten, the cynics are right."
"75265348-1-437";"What do you want?"
"75265348-1-438";"What do you want?"
"75265348-1-439";"What do you want?"
"75265348-1-440";"What do you want?"
"75265348-1-441";"What do you want?"
"75265348-1-442";"What do you want?"
"75265348-1-443";"What do you want now?"
"75265348-1-444";"What do you want now?"
"75265348-1-445";"What do you want now?"
"75265348-1-446";"What do you want now?"
"75265348-1-447";"What do you want now?"
"75265348-1-448";"What do you want now?"
"75265348-1-449";"Isn't the best defense always a good attack?"
"75265348-1-450";"I cannot complain, but that does not seem to stop me."
"75265348-1-451";"Nine times out of ten, the cynics are right."
"75265348-1-452";"What do you want?"
"75265348-1-453";"What do you want?"
"75265348-1-454";"What do you want?"
"75265348-1-455";"What do you want?"
"75265348-1-456";"What do you want?"
"75265348-1-457";"What do you want?"
"75265348-1-458";"What do you want now?"
"75265348-1-459";"What do you want now?"
"75265348-1-460";"What do you want now?"
"75265348-1-461";"What do you want now?"
"75265348-1-462";"What do you want now?"
"75265348-1-463";"What do you want now?"
"75265348-1-464";"Isn't the best defense always a good attack?"
"75265348-1-465";"I cannot complain, but that does not seem to stop me."
"75265348-1-466";"Nine times out of ten, the cynics are right."
"75265348-1-467";"What do you want?"
"75265348-1-468";"What do you want?"
"75265348-1-469";"What do you want?"
"75265348-1-470";"What do you want?"
"75265348-1-471";"What do you want?"
"75265348-1-472";"What do you want?"
"75265348-1-473";"What do you want now?"
"75265348-1-474";"What do you want now?"
"75265348-1-475";"What do you want now?"
"75265348-1-476";"What do you want now?"
"75265348-1-477";"What do you want now?"
"75265348-1-478";"What do you want now?"
"75265348-1-479";"Isn't the best defense always a good attack?"
"75265348-1-480";"I cannot complain, but that does not seem to stop me."
"75265348-1-481";"Nine times out of ten, the cynics are right."
"75265348-1-572";"There's no time to waste!"
"75265348-1-573";"We don't have much time."
"75265348-1-574";"Pick it up!"
"75265348-1-575";"I'm sorry...I can't..."
"75265348-1-576";"Go on...I'll pull through."
"75265348-1-577";"I just...need a moment."
"75265348-1-578";"Oblivion hasn't claimed me yet!"
"75265348-1-579";"I'm well enough to fight."
"75265348-1-580";"That was a bit too close."
"75265348-1-584";"To Oblivion with you!"
"75265348-1-585";"To Oblivion with you!"
"75265348-1-586";"To Oblivion with you!"
"75265348-1-590";"Another time."
"75265348-1-591";"Another time."
"75265348-1-592";"Another time."
"75265348-1-593";"Let's have a look in that purse, shall we?"
"75265348-1-594";"Lets see what you've got there."
"75265348-1-595";"I smell gold."
"75265348-1-599";"<Scream>"
"75265348-1-600";"<Scream>"
"75265348-1-601";"<Scream>"
"75265348-2-2";"I've never known such fear."
"75265348-2-3";"I've never known such fear."
"75265348-2-4";"I've never known such fear."
"75265348-2-5";"I've never known such fear."
"75265348-2-6";"I've never known such fear."
"75265348-2-7";"I've never known such fear."
"75265348-2-8";"I've never known such fear."
"75265348-2-9";"I've never known such fear."
"75265348-2-10";"I've never known such fear."
"75265348-2-11";"I've never known such fear."
"75265348-2-12";"I've never known such fear."
"75265348-2-13";"I've never known such fear."
"75265348-2-14";"What is it?"
"75265348-2-15";"What is it?"
"75265348-2-16";"What is it?"
"75265348-2-17";"What is it?"
"75265348-2-18";"What is it?"
"75265348-2-19";"What is it?"
"75265348-2-20";"Do you really wish to interrupt me?"
"75265348-2-21";"You wish to suffer my wrath?"
"75265348-2-22";"I'm mad enough to bite iron!"
"75265348-2-23";"Do you really wish to interrupt me?"
"75265348-2-24";"You wish to suffer my wrath?"
"75265348-2-25";"I'm mad enough to bite iron!"
"75265348-2-32";"Ah, you're back!"
"75265348-2-33";"Good to see you again!"
"75265348-2-34";"I know that face!"
"75265348-2-35";"How may I serve?"
"75265348-2-36";"Something I can do for you?"
"75265348-2-37";"What brings you?"
"75265348-2-44";"Ah, you're back!"
"75265348-2-45";"Good to see you again!"
"75265348-2-46";"I know that face!"
"75265348-2-47";"How may I serve?"
"75265348-2-48";"Something I can do for you?"
"75265348-2-49";"What brings you?"
"75265348-2-50";"Help someone in need?"
"75265348-2-51";"Help someone in need?"
"75265348-2-52";"Help someone in need?"
"75265348-2-53";"Help someone in need?"
"75265348-2-54";"Help someone in need?"
"75265348-2-55";"Help someone in need?"
"75265348-2-56";"Help someone in need?"
"75265348-2-57";"Help someone in need?"
"75265348-2-58";"Help someone in need?"
"75265348-2-59";"Help someone in need?"
"75265348-2-60";"Help someone in need?"
"75265348-2-61";"Help someone in need?"
"75265348-2-62";"Help someone in need?"
"75265348-2-63";"Help someone in need?"
"75265348-2-64";"Help someone in need?"
"75265348-2-65";"<sigh> I need a break."
"75265348-2-66";"<sigh> I need a break."
"75265348-2-67";"<sigh> I need a break."
"75265348-2-71";"Always there seems more to do."
"75265348-2-72";"Divines, there's a lot to do."
"75265348-2-73";"Good thing I never complain."
"75265348-2-74";"<sigh> I need a break."
"75265348-2-75";"<sigh> I need a break."
"75265348-2-76";"<sigh> I need a break."
"75265348-2-77";"<sigh> I need a break."
"75265348-2-78";"<sigh> I need a break."
"75265348-2-79";"<sigh> I need a break."
"75265348-2-80";"Please, set me free!"
"75265348-2-81";"Please, set me free!"
"75265348-2-82";"Please, set me free!"
"75265348-2-83";"Please, set me free!"
"75265348-2-84";"Please, set me free!"
"75265348-2-85";"Please, set me free!"
"75265348-2-89";"Ah, you're back."
"75265348-2-90";"Good to see you again."
"75265348-2-91";"I know that face."
"75265348-2-92";"Can anyone assist me?"
"75265348-2-93";"Can anyone assist me?"
"75265348-2-94";"Can no one help me?"
"75265348-2-101";"Look into my eyes...I'm innocent!"
"75265348-2-102";"Just hear my side of the story!"
"75265348-2-103";"Let me out, curse you!"
"75265348-2-104";"Look into my eyes...I'm innocent!"
"75265348-2-105";"Just hear my side of the story!"
"75265348-2-106";"Let me out, curse you!"
"75265348-2-107";"Look into my eyes...I'm innocent!"
"75265348-2-108";"Just hear my side of the story!"
"75265348-2-109";"Let me out, curse you!"
"75265348-2-110";"Look into my eyes...I'm innocent!"
"75265348-2-111";"Just hear my side of the story!"
"75265348-2-112";"Let me out, curse you!"
"75265348-2-113";"Look into my eyes...I'm innocent!"
"75265348-2-114";"Just hear my side of the story!"
"75265348-2-115";"Let me out, curse you!"
"75265348-2-116";"Hello."
"75265348-2-117";"Hello."
"75265348-2-118";"Hello."
"75265348-2-125";"Ah, you're back!"
"75265348-2-126";"Good to see you again!"
"75265348-2-127";"I know that face!"
"75265348-2-128";"Is this on straight?"
"75265348-2-129";"Oh! Hi there!"
"75265348-2-130";"Now who's got a drink for me. You?"
"75265348-2-131";"Is this on straight?"
"75265348-2-132";"Oh! Hi there!"
"75265348-2-133";"Now who's got a drink for me. You?"
"75265348-2-134";"Is this on straight?"
"75265348-2-135";"Oh! Hi there!"
"75265348-2-136";"Now who's got a drink for me. You?"
"75265348-2-149";"Hello."
"75265348-2-150";"Hello."
"75265348-2-151";"Hello."
"75265348-2-155";"Ah, you're back."
"75265348-2-156";"Good to see you again."
"75265348-2-157";"I know that face."
"75265348-2-158";"<Groan>"
"75265348-2-159";"<Groan>"
"75265348-2-160";"<Groan>"
"75265348-2-161";"<Groan>"
"75265348-2-162";"<Groan>"
"75265348-2-163";"<Groan>"
"75265348-2-164";"<Groan>"
"75265348-2-165";"<Groan>"
"75265348-2-166";"<Groan>"
"75265348-2-167";"<Groan>"
"75265348-2-168";"<Groan>"
"75265348-2-169";"<Groan>"
"75265348-2-170";"<Groan>"
"75265348-2-171";"<Groan>"
"75265348-2-172";"<Groan>"
"75265348-2-176";"Surprise me. Say something intelligent."
"75265348-2-177";"I like to crush skulls and eat sweetrolls, and I've no more sweetrolls."
"75265348-2-178";"When my watch is over, I'll be guarding a mug at the inn."
"75265348-2-182";"Ah, you're back."
"75265348-2-183";"Good to see you again."
"75265348-2-184";"I know that face."
"75265348-2-185";"I need some assistance."
"75265348-2-186";"I need some assistance."
"75265348-2-187";"I need some help here..."
"75265348-2-188";"I need some assistance."
"75265348-2-189";"I need some assistance."
"75265348-2-190";"I need some help here..."
"75265348-2-191";"I need some assistance."
"75265348-2-192";"I need some assistance."
"75265348-2-193";"I need some help here..."
"75265348-2-194";"I need some assistance."
"75265348-2-195";"I need some assistance."
"75265348-2-196";"I need some help here..."
"75265348-2-197";"Can anyone assist me?"
"75265348-2-198";"Can anyone assist me?"
"75265348-2-199";"Can no one help me?"
"75265348-2-200";"I haven't much longer..."
"75265348-2-201";"I haven't much longer..."
"75265348-2-202";"I haven't much longer..."
"75265348-2-203";"<Groan>"
"75265348-2-204";"<Groan>"
"75265348-2-205";"<Groan>"
"75265348-2-206";"<Groan>"
"75265348-2-207";"<Groan>"
"75265348-2-208";"<Groan>"
"75265348-2-209";"I'm...badly hurt..."
"75265348-2-210";"I'm...badly hurt..."
"75265348-2-211";"It hurts! Oh, how it hurts!"
"75265348-2-212";"I'm...badly hurt..."
"75265348-2-213";"I'm...badly hurt..."
"75265348-2-214";"It hurts! Oh, how it hurts!"
"75265348-2-227";"Hello."
"75265348-2-228";"Hello."
"75265348-2-229";"Hello."
"75265348-2-236";"Ah, you're back!"
"75265348-2-237";"Good to see you again!"
"75265348-2-238";"I know that face!"
"75265348-2-242";"What is it?"
"75265348-2-243";"What is it?"
"75265348-2-244";"What is it?"
"75265348-2-245";"What is it?"
"75265348-2-246";"What is it?"
"75265348-2-247";"What is it?"
"75265348-2-254";"I'm at my wit's end."
"75265348-2-255";"I'm at my wit's end."
"75265348-2-256";"I'm at my wit's end."
"75265348-2-257";"I'm at my wit's end."
"75265348-2-258";"I'm at my wit's end."
"75265348-2-259";"I'm at my wit's end."
"75265348-2-260";"I'm at my wit's end."
"75265348-2-261";"I'm at my wit's end."
"75265348-2-262";"I'm at my wit's end."
"75265348-2-263";"I'm at my wit's end."
"75265348-2-264";"I'm at my wit's end."
"75265348-2-265";"I'm at my wit's end."
"75265348-2-266";"I'm at my wit's end."
"75265348-2-267";"I'm at my wit's end."
"75265348-2-268";"I'm at my wit's end."
"75265348-2-275";"Ah, you're back!"
"75265348-2-276";"Good to see you again!"
"75265348-2-277";"I know that face!"
"75265348-2-278";"How may I serve?"
"75265348-2-279";"Something I can do for you?"
"75265348-2-280";"What brings you?"
"75265348-2-281";"I haven't much longer..."
"75265348-2-282";"I haven't much longer..."
"75265348-2-283";"I haven't much longer..."
"75265348-2-284";"I haven't much longer..."
"75265348-2-285";"I haven't much longer..."
"75265348-2-286";"I haven't much longer..."
"75265348-2-287";"I haven't much longer..."
"75265348-2-288";"I haven't much longer..."
"75265348-2-289";"I haven't much longer..."
"75265348-2-290";"<Groan>"
"75265348-2-291";"<Groan>"
"75265348-2-292";"<Groan>"
"75265348-2-293";"<Groan>"
"75265348-2-294";"<Groan>"
"75265348-2-295";"<Groan>"
"75265348-2-296";"<Nightmare mumble>"
"75265348-2-297";"<Nightmare mumble>"
"75265348-2-298";"<Nightmare mumble>"
"75265348-2-299";"<Nightmare mumble>"
"75265348-2-300";"<Nightmare mumble>"
"75265348-2-301";"<Nightmare mumble>"
"75265348-2-302";"<Nightmare mumble>"
"75265348-2-303";"<Nightmare mumble>"
"75265348-2-304";"<Nightmare mumble>"
"75265348-2-305";"<Nightmare mumble>"
"75265348-2-306";"<Nightmare mumble>"
"75265348-2-307";"<Nightmare mumble>"
"75265348-2-308";"<Nightmare mumble>"
"75265348-2-309";"<Nightmare mumble>"
"75265348-2-310";"<Nightmare mumble>"
"75265348-2-311";"<Snore>"
"75265348-2-312";"<Snore>"
"75265348-2-313";"<Snore>"
"75265348-2-314";"<Snore>"
"75265348-2-315";"<Snore>"
"75265348-2-316";"<Snore>"
"75265348-2-317";"<Snore>"
"75265348-2-318";"<Snore>"
"75265348-2-319";"<Snore>"
"75265348-2-320";"<Snore>"
"75265348-2-321";"<Snore>"
"75265348-2-322";"<Snore>"
"75265348-2-323";"<Snore>"
"75265348-2-324";"<Snore>"
"75265348-2-325";"<Snore>"
"75265348-2-329";"Hello."
"75265348-2-330";"Hello."
"75265348-2-331";"Hello."
"75265348-2-335";"Ah, you're back."
"75265348-2-336";"Good to see you again."
"75265348-2-337";"I know that face."
"75265348-2-350";"Ah, you're back!"
"75265348-2-351";"Good to see you again!"
"75265348-2-352";"I know that face!"
"75265348-2-353";"How may I serve?"
"75265348-2-354";"Something I can do for you?"
"75265348-2-355";"What brings you?"
"75265348-2-368";"How may I serve?"
"75265348-2-369";"Something I can do for you?"
"75265348-2-370";"What brings you?"
"75265348-2-371";"How may I serve?"
"75265348-2-372";"Something I can do for you?"
"75265348-2-373";"What brings you?"
"75265348-2-374";"How may I serve?"
"75265348-2-375";"Something I can do for you?"
"75265348-2-376";"What brings you?"
"75265348-2-377";"How may I serve?"
"75265348-2-378";"Something I can do for you?"
"75265348-2-379";"What brings you?"
"75265348-2-380";"Only the finest wares here!"
"75265348-2-381";"Only the finest wares here!"
"75265348-2-382";"Only the finest wares here!"
"75265348-2-392";"Well?"
"75265348-2-393";"Well?"
"75265348-2-394";"Well?"
"75265348-2-395";"What is it?"
"75265348-2-396";"What is it?"
"75265348-2-397";"What is it?"
"75265348-2-407";"Eagle's triumph!"
"75265348-2-408";"High Rock and Hammerfell!"
"75265348-2-409";"Oath of Ebonheart!"
"75265348-2-416";"Ah, you're back."
"75265348-2-417";"Good to see you again."
"75265348-2-418";"I know that face."
"75265348-2-422";"What is it?"
"75265348-2-423";"What is it?"
"75265348-2-424";"What is it?"
"75265348-2-425";"What is it?"
"75265348-2-426";"What is it?"
"75265348-2-427";"What is it?"
"75265348-2-434";"Gold may be the root of evil, but we all need roots."
"75265348-2-435";"Gold may be the root of evil, but we all need roots."
"75265348-2-436";"He goes to the city just for the pickpockets. Says it's the only love he ever gets."
"75265348-2-437";"What is it?"
"75265348-2-438";"What is it?"
"75265348-2-439";"What is it?"
"75265348-2-440";"What is it?"
"75265348-2-441";"What is it?"
"75265348-2-442";"What is it?"
"75265348-2-449";"Gold may be the root of evil, but we all need roots."
"75265348-2-450";"Gold may be the root of evil, but we all need roots."
"75265348-2-451";"He goes to the city just for the pickpockets. Says it's the only love he ever gets."
"75265348-2-452";"What is it?"
"75265348-2-453";"What is it?"
"75265348-2-454";"What is it?"
"75265348-2-455";"What is it?"
"75265348-2-456";"What is it?"
"75265348-2-457";"What is it?"
"75265348-2-464";"Gold may be the root of evil, but we all need roots."
"75265348-2-465";"Gold may be the root of evil, but we all need roots."
"75265348-2-466";"He goes to the city just for the pickpockets. Says it's the only love he ever gets."
"75265348-2-467";"What is it?"
"75265348-2-468";"What is it?"
"75265348-2-469";"What is it?"
"75265348-2-470";"What is it?"
"75265348-2-471";"What is it?"
"75265348-2-472";"What is it?"
"75265348-2-479";"Gold may be the root of evil, but we all need roots."
"75265348-2-480";"Gold may be the root of evil, but we all need roots."
"75265348-2-481";"He goes to the city just for the pickpockets. Says it's the only love he ever gets."
"75265348-2-575";"Must...rest..."
"75265348-2-576";"I've been hit!"
"75265348-2-577";"I'm hurt...but I've seen worse."
"75265348-2-599";"<Scream>"
"75265348-2-600";"<Scream>"
"75265348-2-601";"<Scream>"
"75265348-3-14";"Do you really wish to interrupt me?"
"75265348-3-15";"You wish to suffer my wrath?"
"75265348-3-16";"I'm mad enough to bite iron!"
"75265348-3-17";"Do you really wish to interrupt me?"
"75265348-3-18";"You wish to suffer my wrath?"
"75265348-3-19";"I'm mad enough to bite iron!"
"75265348-3-20";"Can't you see that I'm furious?"
"75265348-3-21";"Do not add to my problems."
"75265348-3-22";"I could just spit!"
"75265348-3-23";"Can't you see that I'm furious?"
"75265348-3-24";"Do not add to my problems."
"75265348-3-25";"I could just spit!"
"75265348-3-32";"Well, look who's back!"
"75265348-3-33";"So, you're back!"
"75265348-3-34";"So, you've returned!"
"75265348-3-35";"Bank with confidence."
"75265348-3-36";"Looking for a banker?"
"75265348-3-37";"I'll guard your assets."
"75265348-3-44";"Well, look who's back!"
"75265348-3-45";"So, you're back!"
"75265348-3-46";"So, you've returned!"
"75265348-3-47";"A mug of the local favorite, perhaps?"
"75265348-3-48";"Can I get you a drink?"
"75265348-3-49";"Ah! I just opened a new barrel!"
"75265348-3-50";"I'm down on my luck...help me out?"
"75265348-3-51";"I'm down on my luck...help me out?"
"75265348-3-52";"I'm down on my luck...help me out?"
"75265348-3-53";"I'm down on my luck...help me out?"
"75265348-3-54";"I'm down on my luck...help me out?"
"75265348-3-55";"I'm down on my luck...help me out?"
"75265348-3-56";"I'm down on my luck...help me out?"
"75265348-3-57";"I'm down on my luck...help me out?"
"75265348-3-58";"I'm down on my luck...help me out?"
"75265348-3-59";"I'm down on my luck...help me out?"
"75265348-3-60";"I'm down on my luck...help me out?"
"75265348-3-61";"I'm down on my luck...help me out?"
"75265348-3-62";"I'm down on my luck...help me out?"
"75265348-3-63";"I'm down on my luck...help me out?"
"75265348-3-64";"I'm down on my luck...help me out?"
"75265348-3-65";"So much to do."
"75265348-3-66";"So much to do."
"75265348-3-67";"So much to do."
"75265348-3-71";"I'll just keep at it, I suppose."
"75265348-3-72";"I can't seem to get ahead here."
"75265348-3-73";"I'd rather be cracking heads."
"75265348-3-74";"So much to do."
"75265348-3-75";"So much to do."
"75265348-3-76";"So much to do."
"75265348-3-77";"So much to do."
"75265348-3-78";"So much to do."
"75265348-3-79";"So much to do."
"75265348-3-89";"Well, look who's back."
"75265348-3-90";"So, you're back."
"75265348-3-91";"So, you've returned."
"75265348-3-92";"Over here! I need help!"
"75265348-3-93";"Over here! I need help!"
"75265348-3-94";"Please...somebody...come to my aid!"
"75265348-3-101";"This is all a horrible mistake!"
"75265348-3-102";"They've got no proof!"
"75265348-3-103";"Someone's going to be sorry."
"75265348-3-104";"This is all a horrible mistake!"
"75265348-3-105";"They've got no proof!"
"75265348-3-106";"Someone's going to be sorry."
"75265348-3-107";"This is all a horrible mistake!"
"75265348-3-108";"They've got no proof!"
"75265348-3-109";"Someone's going to be sorry."
"75265348-3-110";"This is all a horrible mistake!"
"75265348-3-111";"They've got no proof!"
"75265348-3-112";"Someone's going to be sorry."
"75265348-3-113";"This is all a horrible mistake!"
"75265348-3-114";"They've got no proof!"
"75265348-3-115";"Someone's going to be sorry."
"75265348-3-125";"Well, look who's back!"
"75265348-3-126";"So, you're back!"
"75265348-3-127";"So, you've returned!"
"75265348-3-134";"Ah! The blessing of strong drink!"
"75265348-3-135";"A bath? But...why?"
"75265348-3-136";"By Shor, have I got a story!"
"75265348-3-155";"Well, look who's back."
"75265348-3-156";"So, you're back."
"75265348-3-157";"So, you've returned."
"75265348-3-158";"<Groan>"
"75265348-3-159";"<Groan>"
"75265348-3-160";"<Groan>"
"75265348-3-161";"<Groan>"
"75265348-3-162";"<Groan>"
"75265348-3-163";"<Groan>"
"75265348-3-164";"<Groan>"
"75265348-3-165";"<Groan>"
"75265348-3-166";"<Groan>"
"75265348-3-167";"<Groan>"
"75265348-3-168";"<Groan>"
"75265348-3-169";"<Groan>"
"75265348-3-170";"<Groan>"
"75265348-3-171";"<Groan>"
"75265348-3-172";"<Groan>"
"75265348-3-182";"Well, look who's back."
"75265348-3-183";"So, you're back."
"75265348-3-184";"So, you've returned."
"75265348-3-197";"Over here! I need help!"
"75265348-3-198";"Over here! I need help!"
"75265348-3-199";"Please...somebody...come to my aid!"
"75265348-3-200";"I'm...burning up."
"75265348-3-201";"I'm...burning up."
"75265348-3-202";"I'm...burning up."
"75265348-3-203";"<Groan>"
"75265348-3-204";"<Groan>"
"75265348-3-205";"<Groan>"
"75265348-3-206";"<Groan>"
"75265348-3-207";"<Groan>"
"75265348-3-208";"<Groan>"
"75265348-3-209";"<Groan>"
"75265348-3-210";"<Groan>"
"75265348-3-211";"<Groan>"
"75265348-3-212";"<Groan>"
"75265348-3-213";"<Groan>"
"75265348-3-214";"<Groan>"
"75265348-3-236";"Well, look who's back!"
"75265348-3-237";"So, you're back!"
"75265348-3-238";"So, you've returned!"
"75265348-3-254";"Oh, pitiful me..."
"75265348-3-255";"Oh, pitiful me..."
"75265348-3-256";"Oh, pitiful me..."
"75265348-3-257";"Oh, pitiful me..."
"75265348-3-258";"Oh, pitiful me..."
"75265348-3-259";"Oh, pitiful me..."
"75265348-3-260";"Oh, pitiful me..."
"75265348-3-261";"Oh, pitiful me..."
"75265348-3-262";"Oh, pitiful me..."
"75265348-3-263";"Oh, pitiful me..."
"75265348-3-264";"Oh, pitiful me..."
"75265348-3-265";"Oh, pitiful me..."
"75265348-3-266";"Oh, pitiful me..."
"75265348-3-267";"Oh, pitiful me..."
"75265348-3-268";"Oh, pitiful me..."
"75265348-3-275";"Well, look who's back!"
"75265348-3-276";"So, you're back!"
"75265348-3-277";"So, you've returned!"
"75265348-3-281";"I'm...burning up."
"75265348-3-282";"I'm...burning up."
"75265348-3-283";"I'm...burning up."
"75265348-3-284";"I'm...burning up."
"75265348-3-285";"I'm...burning up."
"75265348-3-286";"I'm...burning up."
"75265348-3-287";"I'm...burning up."
"75265348-3-288";"I'm...burning up."
"75265348-3-289";"I'm...burning up."
"75265348-3-290";"<Groan>"
"75265348-3-291";"<Groan>"
"75265348-3-292";"<Groan>"
"75265348-3-293";"<Groan>"
"75265348-3-294";"<Groan>"
"75265348-3-295";"<Groan>"
"75265348-3-296";"<Nightmare mumble>"
"75265348-3-297";"<Nightmare mumble>"
"75265348-3-298";"<Nightmare mumble>"
"75265348-3-299";"<Nightmare mumble>"
"75265348-3-300";"<Nightmare mumble>"
"75265348-3-301";"<Nightmare mumble>"
"75265348-3-302";"<Nightmare mumble>"
"75265348-3-303";"<Nightmare mumble>"
"75265348-3-304";"<Nightmare mumble>"
"75265348-3-305";"<Nightmare mumble>"
"75265348-3-306";"<Nightmare mumble>"
"75265348-3-307";"<Nightmare mumble>"
"75265348-3-308";"<Nightmare mumble>"
"75265348-3-309";"<Nightmare mumble>"
"75265348-3-310";"<Nightmare mumble>"
"75265348-3-311";"<Snore>"
"75265348-3-312";"<Snore>"
"75265348-3-313";"<Snore>"
"75265348-3-314";"<Snore>"
"75265348-3-315";"<Snore>"
"75265348-3-316";"<Snore>"
"75265348-3-317";"<Snore>"
"75265348-3-318";"<Snore>"
"75265348-3-319";"<Snore>"
"75265348-3-320";"<Snore>"
"75265348-3-321";"<Snore>"
"75265348-3-322";"<Snore>"
"75265348-3-323";"<Snore>"
"75265348-3-324";"<Snore>"
"75265348-3-325";"<Snore>"
"75265348-3-335";"Well, look who's back."
"75265348-3-336";"So, you're back."
"75265348-3-337";"So, you've returned."
"75265348-3-350";"Well, look who's back!"
"75265348-3-351";"So, you're back!"
"75265348-3-352";"So, you've returned!"
"75265348-3-353";"Do you wish to sharpen your skills?"
"75265348-3-354";"Care to sharpen your skills?"
"75265348-3-355";"I can show you a few tricks."
"75265348-3-368";"Looking for something in particular?"
"75265348-3-369";"Have you come to barter?"
"75265348-3-370";"Buy yourself something!"
"75265348-3-371";"Looking for something in particular?"
"75265348-3-372";"Have you come to barter?"
"75265348-3-373";"Buy yourself something!"
"75265348-3-374";"Looking for something in particular?"
"75265348-3-375";"Have you come to barter?"
"75265348-3-376";"Buy yourself something!"
"75265348-3-377";"Looking for something in particular?"
"75265348-3-378";"Have you come to barter?"
"75265348-3-379";"Buy yourself something!"
"75265348-3-392";"What do you want?"
"75265348-3-393";"What do you want?"
"75265348-3-394";"What do you want?"
"75265348-3-407";"The Thalmor commands!"
"75265348-3-408";"Pride of the Lion!"
"75265348-3-409";"The Pact, and glory!"
"75265348-3-416";"Well, look who's back."
"75265348-3-417";"So, you're back."
"75265348-3-418";"So, you've returned."
"75265348-3-434";"Don't be offended. He hates everyone."
"75265348-3-435";"Did you see his new bow? That must have cost him."
"75265348-3-436";"You do not want to get on my bad side, trust me."
"75265348-3-449";"Don't be offended. He hates everyone."
"75265348-3-450";"Did you see his new bow? That must have cost him."
"75265348-3-451";"You do not want to get on my bad side, trust me."
"75265348-3-464";"Don't be offended. He hates everyone."
"75265348-3-465";"Did you see his new bow? That must have cost him."
"75265348-3-466";"You do not want to get on my bad side, trust me."
"75265348-3-479";"Don't be offended. He hates everyone."
"75265348-3-480";"Did you see his new bow? That must have cost him."
"75265348-3-481";"You do not want to get on my bad side, trust me."
"75265348-4-14";"Can't you see that I'm furious?"
"75265348-4-15";"Do not add to my problems."
"75265348-4-16";"I could just spit!"
"75265348-4-17";"Can't you see that I'm furious?"
"75265348-4-18";"Do not add to my problems."
"75265348-4-19";"I could just spit!"
"75265348-4-20";"I must warn you, I'm in a foul mood."
"75265348-4-21";"This isn't a good time..."
"75265348-4-22";"You'd better be worth my time."
"75265348-4-23";"I must warn you, I'm in a foul mood."
"75265348-4-24";"This isn't a good time..."
"75265348-4-25";"You'd better be worth my time."
"75265348-4-47";"If you're in need of drink, just say the word!"
"75265348-4-48";"What can I get for you?"
"75265348-4-49";"Flagon of ale?"
"75265348-4-50";"Please, I need to buy food."
"75265348-4-51";"Please, I need to buy food."
"75265348-4-52";"Please, I need to buy food."
"75265348-4-53";"Please, I need to buy food."
"75265348-4-54";"Please, I need to buy food."
"75265348-4-55";"Please, I need to buy food."
"75265348-4-56";"Please, I need to buy food."
"75265348-4-57";"Please, I need to buy food."
"75265348-4-58";"Please, I need to buy food."
"75265348-4-59";"Please, I need to buy food."
"75265348-4-60";"Please, I need to buy food."
"75265348-4-61";"Please, I need to buy food."
"75265348-4-62";"Please, I need to buy food."
"75265348-4-63";"Please, I need to buy food."
"75265348-4-64";"Please, I need to buy food."
"75265348-4-71";"This is wearisome indeed."
"75265348-4-72";"Not much longer now..."
"75265348-4-73";"This is never going to end, is it."
"75265348-4-134";"And we couldn't...stop...laughing!"
"75265348-4-135";"And we couldn't...stop...laughing!"
"75265348-4-136";"I laughed so hard, all the ale came up!"
"75265348-4-158";"<Groan>"
"75265348-4-159";"<Groan>"
"75265348-4-160";"<Groan>"
"75265348-4-161";"<Groan>"
"75265348-4-162";"<Groan>"
"75265348-4-163";"<Groan>"
"75265348-4-164";"<Groan>"
"75265348-4-165";"<Groan>"
"75265348-4-166";"<Groan>"
"75265348-4-167";"<Groan>"
"75265348-4-168";"<Groan>"
"75265348-4-169";"<Groan>"
"75265348-4-170";"<Groan>"
"75265348-4-171";"<Groan>"
"75265348-4-172";"<Groan>"
"75265348-4-200";"So...cold..."
"75265348-4-201";"So...cold..."
"75265348-4-202";"So...cold..."
"75265348-4-203";"<Groan>"
"75265348-4-204";"<Groan>"
"75265348-4-205";"<Groan>"
"75265348-4-206";"<Groan>"
"75265348-4-207";"<Groan>"
"75265348-4-208";"<Groan>"
"75265348-4-209";"<Groan>"
"75265348-4-210";"<Groan>"
"75265348-4-211";"<Groan>"
"75265348-4-212";"<Groan>"
"75265348-4-213";"<Groan>"
"75265348-4-214";"<Groan>"
"75265348-4-254";"What will become of me?"
"75265348-4-255";"What will become of me?"
"75265348-4-256";"What will become of me?"
"75265348-4-257";"What will become of me?"
"75265348-4-258";"What will become of me?"
"75265348-4-259";"What will become of me?"
"75265348-4-260";"What will become of me?"
"75265348-4-261";"What will become of me?"
"75265348-4-262";"What will become of me?"
"75265348-4-263";"What will become of me?"
"75265348-4-264";"What will become of me?"
"75265348-4-265";"What will become of me?"
"75265348-4-266";"What will become of me?"
"75265348-4-267";"What will become of me?"
"75265348-4-268";"What will become of me?"
"75265348-4-281";"So...cold..."
"75265348-4-282";"So...cold..."
"75265348-4-283";"So...cold..."
"75265348-4-284";"So...cold..."
"75265348-4-285";"So...cold..."
"75265348-4-286";"So...cold..."
"75265348-4-287";"So...cold..."
"75265348-4-288";"So...cold..."
"75265348-4-289";"So...cold..."
"75265348-4-290";"<Groan>"
"75265348-4-291";"<Groan>"
"75265348-4-292";"<Groan>"
"75265348-4-293";"<Groan>"
"75265348-4-294";"<Groan>"
"75265348-4-295";"<Groan>"
"75265348-4-296";"<Snore>"
"75265348-4-297";"<Snore>"
"75265348-4-298";"<Snore>"
"75265348-4-299";"<Snore>"
"75265348-4-300";"<Snore>"
"75265348-4-301";"<Snore>"
"75265348-4-302";"<Snore>"
"75265348-4-303";"<Snore>"
"75265348-4-304";"<Snore>"
"75265348-4-305";"<Snore>"
"75265348-4-306";"<Snore>"
"75265348-4-307";"<Snore>"
"75265348-4-308";"<Snore>"
"75265348-4-309";"<Snore>"
"75265348-4-310";"<Snore>"
"75265348-4-353";"Ready to better yourself?"
"75265348-4-354";"Ready for a new lesson?"
"75265348-4-355";"Skills getting a little rusty?"
"75265348-4-368";"Do you see something you like?"
"75265348-4-369";"Do you see something you like?"
"75265348-4-370";"Do you see something you like?"
"75265348-4-371";"Do you see something you like?"
"75265348-4-372";"Do you see something you like?"
"75265348-4-373";"Do you see something you like?"
"75265348-4-374";"Do you see something you like?"
"75265348-4-375";"Do you see something you like?"
"75265348-4-376";"Do you see something you like?"
"75265348-4-377";"Do you see something you like?"
"75265348-4-378";"Do you see something you like?"
"75265348-4-379";"Do you see something you like?"
"75265348-4-392";"What is it?"
"75265348-4-393";"What is it?"
"75265348-4-394";"What is it?"
"75265348-4-434";"Only I need to know the whole plan."
"75265348-4-435";"He should have died when I killed him."
"75265348-4-436";"Only I need to know the whole plan."
"75265348-4-464";"The blood must be fresh, or the ritual will fail."
"75265348-4-465";"I invite the forces of darkness to bestow their power upon me!"
"75265348-4-466";"The ritual needs fresh blood!"
"75265348-4-479";"The blood must be fresh, or the ritual will fail."
"75265348-4-480";"I invite the forces of darkness to bestow their power upon me!"
"75265348-4-481";"The ritual needs fresh blood!"
"75265348-5-14";"I must warn you, I'm in a foul mood."
"75265348-5-15";"This isn't a good time..."
"75265348-5-16";"You'd better be worth my time."
"75265348-5-17";"I must warn you, I'm in a foul mood."
"75265348-5-18";"This isn't a good time..."
"75265348-5-19";"You'd better be worth my time."
"75265348-5-134";"I don't like to talk. I like to drink."
"75265348-5-135";"I don't like to talk. I like to drink."
"75265348-5-136";"Who wants to see how hard I can punch?"
"75265348-5-158";"<Groan>"
"75265348-5-159";"<Groan>"
"75265348-5-160";"<Groan>"
"75265348-5-161";"<Groan>"
"75265348-5-162";"<Groan>"
"75265348-5-163";"<Groan>"
"75265348-5-164";"<Groan>"
"75265348-5-165";"<Groan>"
"75265348-5-166";"<Groan>"
"75265348-5-167";"<Groan>"
"75265348-5-168";"<Groan>"
"75265348-5-169";"<Groan>"
"75265348-5-170";"<Groan>"
"75265348-5-171";"<Groan>"
"75265348-5-172";"<Groan>"
"75265348-5-200";"Help me!"
"75265348-5-201";"Help me!"
"75265348-5-202";"Help me!"
"75265348-5-203";"<Groan>"
"75265348-5-204";"<Groan>"
"75265348-5-205";"<Groan>"
"75265348-5-206";"<Groan>"
"75265348-5-207";"<Groan>"
"75265348-5-208";"<Groan>"
"75265348-5-209";"<Groan>"
"75265348-5-210";"<Groan>"
"75265348-5-211";"<Groan>"
"75265348-5-212";"<Groan>"
"75265348-5-213";"<Groan>"
"75265348-5-214";"<Groan>"
"75265348-5-281";"<Groan>"
"75265348-5-282";"<Groan>"
"75265348-5-283";"<Groan>"
"75265348-5-284";"<Groan>"
"75265348-5-285";"<Groan>"
"75265348-5-286";"<Groan>"
"75265348-5-287";"<Groan>"
"75265348-5-288";"<Groan>"
"75265348-5-289";"<Groan>"
"75265348-5-290";"<Groan>"
"75265348-5-291";"<Groan>"
"75265348-5-292";"<Groan>"
"75265348-5-293";"<Groan>"
"75265348-5-294";"<Groan>"
"75265348-5-295";"<Groan>"
"75265348-5-296";"<Snore>"
"75265348-5-297";"<Snore>"
"75265348-5-298";"<Snore>"
"75265348-5-299";"<Snore>"
"75265348-5-300";"<Snore>"
"75265348-5-301";"<Snore>"
"75265348-5-302";"<Snore>"
"75265348-5-303";"<Snore>"
"75265348-5-304";"<Snore>"
"75265348-5-305";"<Snore>"
"75265348-5-306";"<Snore>"
"75265348-5-307";"<Snore>"
"75265348-5-308";"<Snore>"
"75265348-5-309";"<Snore>"
"75265348-5-310";"<Snore>"
"75265348-5-368";"Ready to trade?"
"75265348-5-369";"Ready to trade?"
"75265348-5-370";"Ready to trade?"
"75265348-5-371";"Ready to trade?"
"75265348-5-372";"Ready to trade?"
"75265348-5-373";"Ready to trade?"
"75265348-5-374";"Ready to trade?"
"75265348-5-375";"Ready to trade?"
"75265348-5-376";"Ready to trade?"
"75265348-5-377";"Ready to trade?"
"75265348-5-378";"Ready to trade?"
"75265348-5-379";"Ready to trade?"
"75265348-5-434";"Of course crime pays. Otherwise there'd be no crime."
"75265348-5-435";"I'm a criminal. Criminals don't ask questions."
"75265348-5-436";"Of course crime pays. Otherwise there'd be no crime."
"75265348-5-464";"Through this ritual, we bind you to us, Daedric servant."
"75265348-5-465";"Through this ritual, we bind you to us, Daedric servant."
"75265348-5-466";"What Daedra serves this Prince? Reveal yourself!"
"75265348-5-479";"Molag Bal, master of domination, spread the seeds of strife and discord in these mortal realms."
"75265348-5-480";"Molag Bal, master of domination, spread the seeds of strife and discord in these mortal realms."
"75265348-5-481";"Harvest our unworthy souls, God of Schemes."
"75265348-6-200";"Can anyone assist me?"
"75265348-6-201";"Can anyone assist me?"
"75265348-6-202";"Can no one help me?"
"75265348-6-203";"<Groan>"
"75265348-6-204";"<Groan>"
"75265348-6-205";"<Groan>"
"75265348-6-206";"<Groan>"
"75265348-6-207";"<Groan>"
"75265348-6-208";"<Groan>"
"75265348-6-209";"<Groan>"
"75265348-6-210";"<Groan>"
"75265348-6-211";"<Groan>"
"75265348-6-212";"<Groan>"
"75265348-6-213";"<Groan>"
"75265348-6-214";"<Groan>"
"75265348-6-281";"<Groan>"
"75265348-6-282";"<Groan>"
"75265348-6-283";"<Groan>"
"75265348-6-284";"<Groan>"
"75265348-6-285";"<Groan>"
"75265348-6-286";"<Groan>"
"75265348-6-287";"<Groan>"
"75265348-6-288";"<Groan>"
"75265348-6-289";"<Groan>"
"75265348-6-290";"<Groan>"
"75265348-6-291";"<Groan>"
"75265348-6-292";"<Groan>"
"75265348-6-293";"<Groan>"
"75265348-6-294";"<Groan>"
"75265348-6-295";"<Groan>"
"75265348-6-296";"<Snore>"
"75265348-6-297";"<Snore>"
"75265348-6-298";"<Snore>"
"75265348-6-299";"<Snore>"
"75265348-6-300";"<Snore>"
"75265348-6-301";"<Snore>"
"75265348-6-302";"<Snore>"
"75265348-6-303";"<Snore>"
"75265348-6-304";"<Snore>"
"75265348-6-305";"<Snore>"
"75265348-6-306";"<Snore>"
"75265348-6-307";"<Snore>"
"75265348-6-308";"<Snore>"
"75265348-6-309";"<Snore>"
"75265348-6-310";"<Snore>"
"75265348-7-200";"Over here! I need help!"
"75265348-7-201";"Over here! I need help!"
"75265348-7-202";"Please...somebody...come to my aid!"
"75265348-7-203";"<Groan>"
"75265348-7-204";"<Groan>"
"75265348-7-205";"<Groan>"
"75265348-7-206";"<Groan>"
"75265348-7-207";"<Groan>"
"75265348-7-208";"<Groan>"
"75265348-7-209";"<Groan>"
"75265348-7-210";"<Groan>"
"75265348-7-211";"<Groan>"
"75265348-7-212";"<Groan>"
"75265348-7-213";"<Groan>"
"75265348-7-214";"<Groan>"
"75265348-7-281";"<Groan>"
"75265348-7-282";"<Groan>"
"75265348-7-283";"<Groan>"
"75265348-7-284";"<Groan>"
"75265348-7-285";"<Groan>"
"75265348-7-286";"<Groan>"
"75265348-7-287";"<Groan>"
"75265348-7-288";"<Groan>"
"75265348-7-289";"<Groan>"
"75265348-7-290";"<Groan>"
"75265348-7-291";"<Groan>"
"75265348-7-292";"<Groan>"
"75265348-7-293";"<Groan>"
"75265348-7-294";"<Groan>"
"75265348-7-295";"<Groan>"
"75265348-7-296";"<Snore>"
"75265348-7-297";"<Snore>"
"75265348-7-298";"<Snore>"
"75265348-7-299";"<Snore>"
"75265348-7-300";"<Snore>"
"75265348-7-301";"<Snore>"
"75265348-7-302";"<Snore>"
"75265348-7-303";"<Snore>"
"75265348-7-304";"<Snore>"
"75265348-7-305";"<Snore>"
"75265348-7-306";"<Snore>"
"75265348-7-307";"<Snore>"
"75265348-7-308";"<Snore>"
"75265348-7-309";"<Snore>"
"75265348-7-310";"<Snore>"
"75265348-8-200";"<Groan>"
"75265348-8-201";"<Groan>"
"75265348-8-202";"<Groan>"
"75265348-8-209";"<Groan>"
"75265348-8-210";"<Groan>"
"75265348-8-211";"<Groan>"
"75265348-8-212";"<Groan>"
"75265348-8-213";"<Groan>"
"75265348-8-214";"<Groan>"
"75265348-8-281";"<Groan>"
"75265348-8-282";"<Groan>"
"75265348-8-283";"<Groan>"
"75265348-8-284";"<Groan>"
"75265348-8-285";"<Groan>"
"75265348-8-286";"<Groan>"
"75265348-8-287";"<Groan>"
"75265348-8-288";"<Groan>"
"75265348-8-289";"<Groan>"
"75265348-9-200";"<Groan>"
"75265348-9-201";"<Groan>"
"75265348-9-202";"<Groan>"
"75265348-9-281";"<Groan>"
"75265348-9-282";"<Groan>"
"75265348-9-283";"<Groan>"
"75265348-9-284";"<Groan>"
"75265348-9-285";"<Groan>"
"75265348-9-286";"<Groan>"
"75265348-9-287";"<Groan>"
"75265348-9-288";"<Groan>"
"75265348-9-289";"<Groan>"
"75265348-10-200";"<Groan>"
"75265348-10-201";"<Groan>"
"75265348-10-202";"<Groan>"
"75265348-10-281";"<Groan>"
"75265348-10-282";"<Groan>"
"75265348-10-283";"<Groan>"
"75265348-10-284";"<Groan>"
"75265348-10-285";"<Groan>"
"75265348-10-286";"<Groan>"
"75265348-10-287";"<Groan>"
"75265348-10-288";"<Groan>"
"75265348-10-289";"<Groan>"
"75265348-11-200";"<Groan>"
"75265348-11-201";"<Groan>"
"75265348-11-202";"<Groan>"
"75265348-12-200";"<Groan>"
"75265348-12-201";"<Groan>"
"75265348-12-202";"<Groan>"
"75265348-13-200";"<Groan>"
"75265348-13-201";"<Groan>"
"75265348-13-202";"<Groan>"
